Recipe Name, 칼로리, 단백질, 지방, 탄수화물, 나트륨
새우 두부 계란찜, 220, 14, 17, 3, 99
부추 콩가루 찜, 215, 14, 9, 20, 240
방울토마토 소박이, 45, 2, 1, 9, 277
순두부 사과 소스 오이무침, 75, 4, 2, 10, 22
사과 새우 북엇국, 65, 12, 1, 2, 78
저염 된장으로 맛을 낸 황태해장국, 100, 13, 0, 12, 361
된장국, 20, 2, 0, 3, 260
표고버섯 청경채국, 45, 2, 1, 7, 2441
치커리샐러드와 올리브 마늘 소스, 170, 3, 12, 13, 74
스트로베리 샐러드, 195, 7, 5, 30, 138
시금치 우유 소스와 그린매쉬드포테이토, 155, 5, 1, 32, 24
버섯구이와 두부타르타르 소스, 150, 8, 5, 18, 133
구운채소와 간장레몬 소스, 175, 4, 9, 19, 38
브로콜리 컬리플라워 샐러드와 두유 요거트 소스, 210, 9, 6, 30, 79
오렌지와 당근 만남주스, 60, 1, 0, 14, 76
칠곡석류국수, 73.4, 2.1, 1.6, 12.7, 12.5
블랙빈 곤약국수, 54.3, 3.4, 2.4, 4.9, 18.5
닭가슴살 브로콜리 만두, 123.2, 8.4, 1.5, 19, 167.9
함초 냉이 국수, 35.8, 1.8, 0, 7.1, 34.5
된장 두부찌개, 77.3, 7.5, 4.2, 2.4, 124.6
부대된장찌개, 72.6, 5.3, 3.9, 4.2, 191.9
양배추감자전, 148.9, 7.7, 6.6, 14.7, 107.1
돌나물 샐러드, 235, 3, 24, 2, 151
석류 보쌈김치, 24.5, 1.4, 0, 4.7, 171.3
유자 대구조림, 84, 9.6, 0.4, 10.6, 109.7
파프리카 물김치, 44.9, 1.1, 0, 10.1, 272
고추장 라따뚜이, 62.6, 3.1, 2.2, 7.6, 138.5
민들레 샐러드, 53.9, 2.4, 0, 10.9, 874.2
토마토 가지 카프레제, 90.5, 1.2, 6.2, 7.4, 11.3
우렁된장소스 배추롤, 326.3, 22.3, 7.2, 43, 976
인삼떡갈비, 253.3, 26.9, 9.5, 15, 196
초계탕과 사색곤약, 100.1, 15.4, 0.9, 7.7, 54.4
호박잎 삼계탕, 314.1, 16, 3.9, 53.7, 55.9
황태미역 곤약스프, 124.9, 14.3, 6.1, 3.2, 790.3
훈제오리가슴살 샐러드, 261.8, 21, 14.6, 11.5, 636
훈제오리가슴살크러스트, 250, 17.2, 14.1, 13.5, 352.2
간장소스를 곁들인 새우전복찜, 119.1, 19.2, 1.1, 8.2, 455.9
검은콩국수, 343.6, 11.2, 3, 68.1, 633.5
겨자소스로 구운 산마샐러드, 112, 3, 4, 16, 144.8
닭고기김치찌개, 277.1, 5.87, 2.73, 1.79, 776.6
완자김치찌개, 161.1, 6.78, 2.61, 1.34, 355
백김치콩비지찌개, 195.3, 2.99, 2.99, 3.13, 447.2
오징어김치찌개, 159.1, 2.4, 0.7, 2.5, 549
해물김치찌개, 53.9, 3, 2.3, 5.2, 385.1
맑은부대찌개, 395.9, 6.23, 2.41, 8.67, 334.9
나가사키부대찌개, 342.7, 5.37, 3.63, 3.99, 778
삼계부대찌개, 299.9, 4.46, 0.09, 8.26, 163.6
쑥갓부대찌개, 126.3, 6.4, 6.8, 9.9, 347.1
들깨순두부찌개, 171.7, 2.8, 1.36, 2.92, 111.6
백태순두부찌개, 165.4, 3.08, 1.13, 2.4, 640.3
버섯순두부찌개, 85.7, 6.4, 3.9, 6.3, 243.1
토란순두부찌개, 312.7, 3.48, 2.96, 2.93, 409.2
토마토스프파스타, 282.6, 10.4, 10.4, 37, 41.4
다이어트국수, 36.9, 0.1, 1.4, 6.1, 490.7
오징어구이, 278.1, 22.9, 9.7, 24.8, 611.4
배숙구이, 196.3, 1.3, 0.3, 47, 21.6
웰빙스테이크, 273, 19.2, 13.2, 19.2, 204.4
오징어콩순대, 213.5, 17.9, 4.7, 25, 295.4
토마토소고기장조림, 282.6, 31.2, 8.5, 20.4, 941.7
토마토소고기찜, 302.9, 26.6, 16.8, 11.2, 289.3
맛간장삼치구이, 220.9, 30.2, 8.8, 5.2, 570.8
삼겹살꼬치구이, 289.5, 11.2, 23.4, 805, 59.8
새우아욱죽, 201.3, 13.1, 1.4, 34, 471.6
까르보나라뇨끼, 351.9, 13.2, 20.3, 29.1, 347.2
호박죽, 150.1, 5.6, 2.3, 26.8, 101.4
라이스버거떡갈비, 206.2, 12.4, 4.8, 28.3, 206.1
고추김치, 16.1, 0.6, 0.3, 2.6, 16.8
누룽닭, 415.5, 23.8, 14.5, 47.5, 290.9
광어스테이크, 487.2, 32.2, 31, 19.8, 192.9
치즈감자크로켓, 588.5, 14.8, 41, 40.1, 362.3
코코넛밀크카레, 330.2, 24, 14, 27, 389.6
소고기리조또롤, 382.5, 36, 18.2, 18.7, 416.6
둥지튀김, 1028.5, 242.2, 37.3, 149.1, 74.9
새우와스테이크, 508.4, 36.2, 37.6, 6.3, 194.4
함초삼겹, 618.4, 31.8, 44.6, 22.5, 136.9
햄버거스테이크, 420.4, 30.4, 29.6, 8, 193.2
유자삼치구이, 498.2, 45.3, 19.7, 35, 159.9
냉토마토파스타, 202.3, 8.1, 3.7, 34.1, 213.5
닭고기또띠아, 516.4, 21.6, 11, 82.8, 831.7
닭고기스테이크, 222.4, 26.3, 9.5, 8, 226.1
오징어순대, 325.2, 39.1, 15.7, 6.9, 242.5
연어차우더스프, 217.6, 11.7, 8.7, 23.2, 215.4
시금치브로컬리 파스타, 400.5, 15.3, 7.3, 68.4, 77.2
야채찜을 곁들인 광어스테이크, 259, 18.9, 13.2, 16, 398.9
연근부각, 162.2, 2.6, 5.6, 25.3, 67.7
오이냉국을 곁들인 오색쌈밥, 379.4, 9, 4, 77, 522.8
카레탄두리치킨과 닭가슴살냉채, 304.9, 16.7, 14.6, 26.7, 427
컬리플라워소스 광어스테이크, 99.8, 10.6, 1.6, 10.8, 167.7
콜라비오미자 물김치, 71.6, 1.7, 0.2, 15.6, 151.4
크림소스치킨롤, 401, 24.6, 28.8, 10.9, 262.9
표고버섯 감자찜, 176.8, 5.4, 0.5, 37.6, 108.3
해물애호박 전병말이, 408.4, 10.7, 11.2, 66.2, 256.8
찬밥이용닭죽, 234.5, 20.2, 3.3, 29.8, 327.6
감자느타리버섯국, 53.3, 5.2, 0.8, 6.8, 404
민어매운탕, 147.7, 16.2, 4.6, 11.7, 532.1
아몬드치킨볼, 210.7, 15.02, 6.13, 4.95, 55.5
양배추롤, 227.8, 12.01, 6.75, 18.36, 127.6
생선베이컨말이, 105.6, 18.71, 10.56, 1.53, 146.5
콩고기샐러드, 333.2, 13.13, 6.88, 19.26, 426.2
퀴노아닭가슴살샐러드, 173.5, 9.14, 2.55, 7.25, 33.8
바나나크림파스타, 684, 5.99, 12.89, 21.25, 327.8
산채쌀파스타, 176.7, 3.47, 1.15, 23.01, 297.3
황태포당면국수, 338.5, 0.95, 0.27, 17.26, 72.4
닭갈비볶음면, 543.4, 4.04, 3.39, 18.32, 228.8
오색볶음면, 466.8, 5.26, 7.71, 25.03, 952.4
로제소스라면, 913.4, 4.73, 8.57, 15.78, 698.8
라면월남쌈튀김, 422.1, 5.98, 15.17, 25.83, 445.1
삼겹살라면, 525.2, 3.25, 2.97, 14.66, 332.7
유자샐러드라면, 307.9, 3.14, 4.86, 26.6, 145
주꾸미머리순대, 60, 11.8, 1.1, 0.8, 122
매실동치미, 76.8, 0.7, 0, 18.4, 79.2
조기까스, 135.8, 15.4, 6.3, 4.3, 240.4
돼지머리수육맑은전골, 233.4, 103.8, 10.6, 20.7, 552.7
파인애플볶음밥, 285.3, 12.3, 10, 36.6, 280.1
연근초무침, 119.1, 1.6, 3.5, 20.4, 81.4
코다리맑은찜, 96.7, 19.1, 1.8, 1.1, 431
뿌리채소두부선, 184.5, 9.4, 7.6, 19.7, 135
사과장아찌, 291.2, 1.9, 2.7, 64.9, 736.7
해물들깨탕, 148.7, 21.1, 3.9, 7.4, 295.8
참외깍두기, 64.1, 1.5, 0.3, 13.9, 464.1
새콤한연어샐러드, 118.3, 8.6, 6.9, 5.4, 48.1
논우렁순무섞박지, 103, 6.5, 0.3, 18.6, 616.5
코다리맑은탕, 162.3, 24.2, 3.9, 7.7, 110.8
세가지샐러드, 202.4, 16.1, 9.8, 12.6, 209.2
애호박들깨볶음, 184.6, 10.4, 8.7, 16.2, 202
고구마바나나샐러드, 348.8, 4.8, 7.8, 64.8, 111.4
누룽지새우튀김, 558, 23.5, 23.3, 63.5, 156.7
백김치주꾸미샐러드, 125.5, 22.2, 2.3, 3.9, 656.6
닭고기월남쌈, 353.7, 28.5, 8.8, 40.1, 197
양배추롤, 164.8, 17.5, 3.9, 14.8, 111.5
단호박소고기롤, 444.9, 10.2, 15.2, 66.9, 248.3
생선카레튀김, 555, 22.4, 45.5, 14, 260.2
삼겹가지볶음, 542.4, 19.5, 44.5, 15.9, 398.8
주꾸미샐러드, 129.8, 12.1, 1.7, 16.5, 244.8
닭가슴살현미스테이크, 400, 34.8, 14.2, 33.2, 194.3
삼겹선, 623.9, 24.2, 47.1, 25.9, 182.7
미니버섯탕수, 269, 6.9, 15.3, 32.6, 242.7
연어오븐구이, 285.9, 28.7, 15.4, 8.1, 222.1
옥음밥, 381.2, 5.9, 6, 75.9, 341.2
와사비 연어초밥, 417.6, 18.8, 6.9, 70, 76
원소병, 320.6, 6.1, 0.5, 73, 47.2
음메꼬꼬돌돌, 296.7, 41.5, 14.5, 0, 275.8
전복리조또, 282.9, 7.1, 4.7, 53.1, 92.1
참깨흑임 자연두부샐러드, 309.2, 9.7, 23, 15.8, 159.9
초계탕, 103, 16.2, 1.1, 7.1, 90.1
콩나물부추볶음, 133.8, 3.9, 6.4, 15, 139.4
콩비지포카치아 샌드위치, 271.2, 12.9, 8, 36.8, 459.2
파프리카더덕소고기깻잎롤, 230.7, 28.8, 5.3, 16.9, 97.8
해물아란치니, 283.8, 7.4, 10, 41, 393.2
호박잎삼계, 314.1, 16, 3.9, 53.7, 55.9
노른자크림 육회샐러드, 177.4, 25.3, 4, 10, 245.6
닭고기 완자삼계죽, 150.4, 9.9, 0.7, 26.2, 51.9
대하마늘볶음밥, 286.6, 14, 11.2, 32.5, 191.4
두부 카프리제, 140.2, 11.1, 7.6, 6.8, 229.6
미역볶음밥, 515.2, 5.85, 5.43, 25.5, 488.5
청국장볶음밥, 467.9, 4.27, 4.9, 25.05, 234.1
해물볶음밥, 493.2, 7.28, 2.99, 26.9, 681.9
토마토카레 채소볶음밥, 612.1, 3.52, 4.46, 24.5, 435.2
구운주먹밥, 335.1, 5.79, 6.84, 35.43, 79.4
깐풍주먹밥, 536.3, 7.15, 7.44, 37.6, 111
닭봉주먹밥, 553.4, 7.12, 6.08, 20.5, 454.1
봄주먹밥, 252.4, 4.29, 2.12, 19.63, 118.1
깻잎장아찌롤, 375.2, 2.6, 3.4, 18.4, 750.7
참치비빔밥롤, 468.1, 8.57, 2.72, 19.83, 171.7
새싹참치김밥, 319.8, 5.78, 2.75, 25.9, 109.3
연어주먹밥튀김, 660.2, 6.56, 6.75, 25.1, 537.1
오징어불고기김밥, 452.2, 13.9, 3.42, 14.5, 244.4
닭가슴살청포묵비빔밥, 421.5, 5.19, 1.27, 28.1, 104
족발수육, 282.2, 22.2, 14.3, 16.2, 471.7
함초떡갈비, 254.1, 19.8, 16.9, 5.7, 210.5
삼색소면, 168.1, 8.5, 1.8, 29.4, 437.6
돼지수육맑은전골, 120.3, 0.6, 8.8, 9.6, 147.7
채소비빔밥, 303.9, 10.4, 10.8, 41.2, 189.2
열무김치파스타, 270.4, 6.6, 8.4, 42.1, 371
해초갈비찜, 288.6, 31.1, 16, 5.2, 604.7
버섯곤드레밥, 250.2, 8.8, 3.7, 45.6, 196.6
바다향이 풍부한 전복죽, 220.4, 8.7, 5.5, 34.1, 95.8
주꾸미연포탕, 90.3, 12.3, 1.5, 6.9, 280.6
함초소고기말이, 360.9, 16.3, 27.8, 11.4, 269.5
묵계밥, 227.9, 7, 2.8, 43.7, 82.3
근채류주먹밥, 117.3, 2.4, 0.8, 25.2, 11.3
단호박약식, 152.2, 3.1, 0.8, 33.1, 64.7
달콤스테이크, 175.1, 19.2, 7.1, 8.7, 147.7
삼색샌드위치, 356.4, 14.1, 12.4, 47.9, 497.3
황태탕수육, 274.4, 17.1, 17, 13.2, 365.3
밥핫도그, 828.9, 22.1, 49.4, 74, 774.5
스테이크카나페, 458.7, 30.6, 30.6, 15.7, 312.5
꽃밥, 480.7, 23.2, 173.9, 56.8, 272.6
버섯만두찜, 301.8, 17.8, 10.3, 34.5, 382.2
떡갈비주먹밥, 557.1, 29, 21, 63.1, 462.3
홍합죽, 160.9, 7.1, 1.9, 28.9, 42
샐러드돈가스, 422.5, 15.7, 30.8, 20.5, 269.9
조개크림파스타, 224.2, 10.9, 4, 36.2, 102.5
닭날개튀김, 596.6, 32.4, 41, 24.4, 426.6
해산물리조또, 306.8, 16.7, 5.4, 47.7, 237.7
떡완자조림, 484.1, 34.3, 12.2, 59.2, 519.8
닭고기채소스파게티, 277.8, 14.7, 5.7, 42, 174.1
계만두, 338.1, 15.5, 6.41, 8.43, 248.7
삼계선, 281.5, 16.1, 1.65, 8.03, 83.5
쇠고기표고찜, 96.8, 7, 1.94, 10.8, 64.3
떡갈비찜, 316.2, 10.2, 6.19, 29.2, 264.9
해산물두부샌드, 93.7, 8.94, 5.22, 5.64, 57.3
단호박제육볶음, 268.6, 13.4, 7.89, 10.5, 444.3
버섯콩불고기, 323.8, 11.2, 8.51, 13.5, 494.7
차돌박이볶음, 581.7, 8.22, 33.2, 8.54, 527.9
토마토오리볶음, 275.5, 18.5, 17.5, 11.1, 161.9
토마토두루치기, 344.4, 11.5, 9.99, 9.64, 292.7
검은콩피시볼조림, 166.7, 13.8, 4.28, 16.1, 193.3
대하조림, 112, 10.5, 0.91, 5.72, 327.2
묵은지가지말이, 312.2, 9.66, 17, 7.35, 141
함초타락죽, 354.3, 10.5, 6.5, 63.6, 251.6
황태두부무국, 53.5, 7.7, 2.1, 1, 298.5
삼합잡채, 160.4, 22.9, 5.9, 3.8, 155.9
고등어카레탕수, 171.3, 7.5, 8.8, 15.5, 254.7
효도강정, 370, 7.5, 14.1, 53.2, 45.5
비트양파김치, 28, 1.8, 0.1, 4.9, 42.5
관자브로콜리스프, 277.4, 12.3, 19.4, 13.4, 210.3
곤약잡채, 49.3, 1.6, 2.8, 4.4, 75.2
미역 닭가슴살전, 234.1, 17.7, 11.9, 14, 284.5
두가지묵샐러드, 53.6, 1, 1.2, 9.7, 109.2
블루베리양갱, 142.4, 8, 3.3, 20.3, 32.2
장어찜, 328.3, 20.4, 26.5, 2.1, 74.7
두부까나페, 236, 13.3, 20.2, 0.1, 287.6
두부청국장죽, 255.1, 16.3, 4.4, 37.6, 118.2
망고샐러드, 105.7, 1.9, 4, 15.5, 50.3
토마토젤리, 200.5, 401, 0.2, 45.4, 36.7
샌드스테이크, 341.4, 48.2, 12.2, 9.7, 564.3
맥적구이, 467.7, 30.7, 30.5, 17.6, 551.7
채소어묵, 382.5, 26.7, 12.9, 39.89, 320.1
주꾸미보리죽, 327.4, 21.8, 5, 48.7, 172.7
오렌지삼겹찜, 638.1, 26.7, 49.2, 22, 206
소고기볼게살타르, 418, 24.8, 21.3, 31.8, 245.8
수삼떡갈비, 388.6, 38.7, 19.1, 15.5, 162.1
삼색딤섬, 350.4, 20.2, 7.9, 49.5, 235.1
밥크로켓, 731.8, 15.6, 35.2, 88.1, 290.7
가지토마토구이, 164.8, 5.4, 12.7, 7.1, 171.2
함박스테이크, 303.3, 28.3, 17.8, 7.5, 243.5
냉파스타, 289.1, 9, 2.4, 57.8, 81.9
과일겉절이, 227.6, 3.4, 2.1, 48.8, 124.8
버섯탕수, 450.1, 6.6, 27.6, 43.9, 267.3
아보카도 연어샐러드, 239, 16.5, 14.9, 9.8, 102.1
오렌지마리네이드 돼지고기, 301.4, 33.5, 14.4, 9.5, 276.5
인삼갈비탕, 361.2, 36.9, 12.4, 25.5, 161.2
체리젤리를 곁들인 고구마무스, 94.8, 1.8, 1.2, 19.1, 60.7
카레닭 룰라이드, 317.1, 24.6, 16.2, 18.2, 978.4
세 가지곡물콩라미수, 215.4, 6.7, 3.2, 39.9, 108.8
크림치즈 망고무스, 333.2, 7.3, 9.1, 55.6, 69.7
토마토주스를곁들인컵토마토, 53.7, 1, 0.1, 12.2, 226.9
해산물 훈제연어롤, 271.8, 33, 11.8, 8.3, 566.2
인절미 무스와 수정과 아이스크림, 126.1, 0.9, 0, 30.5, 44.1
감닭떡갈비, 348.3, 17.2, 6.3, 55.7, 128.8
겨자아욱쌈밥, 359.5, 13.6, 5, 64.9, 264.4
다마고도후, 107.6, 9, 7.6, 0.8, 178.3
단호박생채, 167, 3.4, 1, 36.2, 953.1
닭가슴살 스테이크, 242.4, 22, 15.2, 4.4, 549.7
마늘드레싱을 곁들인 키위샐러드, 350, 13, 17, 36, 59
깻잎향을 입힌 관자 샐러드, 155, 28, 2, 6, 168
건강그린 샐러드와 고소한 두유드레싱, 150, 3, 8, 16, 201
케일 오미자 샐러드, 60, 2, 0, 13, 80
꼬막 달래 된장 무침, 70.1, 5.1, 2.4, 6.9, 204
베이컨 가지 말이, 141.5, 4.7, 10.3, 7.5, 150.1
청국장소스 연어 스테이크, 209.3, 17.6, 13.7, 3.9, 56.6
두부곤약조림, 183.4, 3.15, 3.13, 4.61, 97.2
아귀나가사키조림, 167.9, 9, 0.4, 2.77, 460.3
카레가자미조림, 168, 8.45, 4.58, 4.71, 251.5
타콤소스닭조림, 302.9, 13.5, 2.71, 3.66, 82.9
토마토콩조림, 452.5, 12.9, 4.68, 16.1, 26.8
관자해장국, 440.3, 2.96, 1.15, 5.57, 197.4
견과류들깨해장탕, 363.2, 4.1, 5.64, 5.63, 90.5
뿌리채소들깨수제비, 276.1, 3.3, 4.6, 9.2, 680.5
대구지리탕, 267.7, 7.19, 1.15, 3.87, 277.3
양지해장국, 103.8, 2.89, 1.32, 2.47, 79.7
토마토돼지고기해장국, 171.1, 2.52, 0.79, 4.58, 72.8
효종갱, 186.1, 4.95, 1.69, 0.99, 220.6
해물토마토김치찌개, 88.2, 1, 0.5, 2, 566.5
버섯 두유 소스 볶음, 285, 9, 20, 17, 53
백일송이버섯 볶음, 80, 3, 3, 10, 11
땅콩소스 버섯가지나물, 64.2, 4.3, 3.7, 3.4, 64.3
유자향의 곤약 냉채, 70, 0, 1, 15, 15
새우단배추된장국, 129.2, 4.83, 0.88, 2.58, 774.8
검은콩보리된장찌개, 84.1, 1.4, 0.5, 2.2, 432.7
단호박배추된장국, 28.7, 2, 0.3, 4.5, 77.1
된장냉국, 30.4, 0.73, 0.6, 1.12, 69.4
들깨된장육개장, 123.4, 2.41, 0.26, 2.37, 525.7
삼색묵냉국, 120.6, 0.87, 0.01, 5.77, 659
샤브된장국, 218.9, 3.13, 5.03, 2.34, 299.9
완자된장국, 174.4, 3.64, 2.25, 6.28, 229.1
산나물된장찌개, 156.2, 2.83, 1.13, 3.86, 456.5
토마토요구르트된장국, 131.8, 2.29, 1.06, 3.12, 568.6
굴림만두된장국, 134.5, 5.38, 1.45, 5.2, 276.1
해물순두부된장찌개, 163.6, 4.87, 1.39, 4.63, 677.9
곤약함박스테이크, 381, 6.85, 4.66, 14.73, 260.1
청국장 두부 검은깨 냉스프, 270, 16, 12, 24, 771
호박 고구마 스프, 165, 4, 5, 26, 77
시금치 리조또, 121.3, 2.9, 3.5, 19.6, 197.1
북어비빔밥, 157.4, 7.2, 7.8, 14.7, 46.9
무 현미밥, 180.1, 3.1, 5.1, 30.1, 45.6
컵밥, 218.2, 7.1, 11.4, 21.8, 117.8
두릅 샐러드, 123.9, 8.2, 9.1, 2.2, 58.7
구운 바나나, 158, 2.8, 4, 27.7, 5.2
과일무스 테린, 67.5, 7.1, 0, 9.7, 12.4
가지볶음밥, 644.9, 3.33, 1.14, 20.15, 505.1
닭고기볶음밥, 622.5, 4.73, 3.92, 30.8, 121
토마토라면, 190.4, 1.1, 1, 4.9, 423.2
토마토샐러드라면, 360.6, 6.55, 3.59, 17.23, 241.7
검은깨라면크로켓, 396.9, 9.11, 11.17, 22.8, 158
김말이두부스테이크, 279.4, 18.2, 12.7, 23, 22.8
연어롤샐러드, 208.5, 19.5, 14, 1.1, 51
비타민이유식, 115.9, 2.8, 1.9, 21.9, 64.1
한입꼬치구이, 289.9, 12.1, 22.9, 9, 33.7
간장곤약볶음국수, 133, 1.2, 6.1, 18.3, 343.1
닭가슴살리조또, 388.5, 17.1, 14.8, 46.7, 73.1
녹차귀리라떼, 150.8, 5.3, 9.8, 10.4, 62.4
계란숙샐러드, 96.2, 53.9, 5.2, 6.5, 112.5
한식풍닭가슴살스테이크, 191.5, 24.4, 6, 10, 294
강황고구마밥, 251.1, 4.3, 1.9, 54.1, 164.7
된장시금치옹심이, 167.3, 14.9, 0.8, 25.1, 771
불고기 소스를 곁들인 두부구이, 200, 12, 14, 7, 481
매생이순두부탕, 10.4, 1.1, 0.2, 1.1, 131.8
겨자 오이고추소박이, 36.9, 1.2, 0.1, 7.9, 43.4
실치오이 초절임, 36.9, 3, 0, 6.1, 59.1
비트무절임, 38.4, 1, 0, 8.5, 13.3
감귤 김치, 21.2, 0.6, 0, 4.6, 64.9
두부달걀덮밥, 669.4, 3.91, 6.2, 19.35, 311.6
봄나물밥, 254.3, 6.6, 1.2, 54.4, 138.3
가지연어구이, 318.2, 15.8, 6.19, 9.85, 83.4
갈릭칩동태구이, 141.8, 20.4, 3.82, 6.74, 232.3
고구마두부스테이크, 741.4, 7.8, 11, 20.8, 216.6
닭가슴살카나페, 281.4, 14.8, 1.96, 16.6, 202.1
삼색꼬치구이, 255.4, 11.9, 6.14, 9.12, 57
꽁치채소말이, 523, 13.7, 12.6, 10.3, 93.7
차돌박이구이, 210.2, 8.88, 8.33, 9.64, 32
간장아귀찜, 100.5, 15.1, 0.76, 1.15, 119.3
견과류통삼겹살찜, 745.4, 14.9, 29, 6, 282.4
닭가슴살말이, 233.1, 2.22, 3.59, 3.98, 113.6
두부말이찜, 250.6, 1.64, 5.51, 19.4, 90.5
미나리명태찜, 119.4, 19.9, 1.03, 0.03, 137.3
불고기덮밥, 332.5, 12.6, 5.4, 58.3, 192.5
바비큐리조또, 301, 10.5, 11.2, 39.4, 269.9
간편콩국수, 229.9, 12.3, 8.4, 26.2, 183.4
모듬해물찜, 156.3, 21, 2.7, 12, 1010.5
크렌베리귀리밥, 494.2, 9.6, 4.3, 104.3, 22.4
블루베리냉스프, 115.7, 2.2, 2.7, 20.6, 32.8
토마토제철나물 샐러드, 80, 0.5, 4.3, 9, 72.3
브로콜리스프, 134.5, 3, 9.8, 8.7, 112.9
초계샐러드, 116.8, 14.2, 4.5, 5, 63.9
토마토맑은장국, 25.4, 1.8, 0.7, 3, 174.1
매생이찰범벅, 122.3, 3.7, 1.4, 23.7, 64.3
통삼겹맥적구이, 397.2, 14.8, 35.7, 4.1, 120.6
닭가슴살샌드스테이크, 187.9, 22.6, 8.7, 4.8, 54.1
치즈리조또, 370.8, 9, 11.8, 57.1, 166.1
가지말이샐러드, 89, 2.9, 4.6, 9.1, 58
유자등갈비구이, 433.3, 15.4, 22.4, 42.6, 167.6
실곤약팟타야, 147.2, 13.1, 5.4, 11.6, 212.4
닭고기라이스롤, 272.9, 33, 6.5, 20.6, 439.1
깐풍파스타, 686.1, 28.3, 32.7, 69.8, 206.4
닭강정, 573.1, 29.1, 40.8, 22.4, 377.9
소고기꼬치구이, 412.3, 33.2, 20.3, 24.3, 284.3
황태볶음면, 601.6, 16.8, 29.4, 67.4, 473.5
토마토덮밥, 379.3, 15.6, 3.6, 71.1, 181.2
표고크림파스타, 332.5, 10.8, 7.8, 54.6, 107
떡갈비통치미국수, 242.1, 10.3, 2, 45.8, 448.3
백김치닭살샐러드, 113.1, 18.9, 0.9, 7.4, 232.1
단호박크림파스타, 236.6, 8.8, 4.2, 40.9, 205.1
견과편수, 416.3, 38.9, 6.8, 49.8, 104.5
바지락실곤약파스타, 53.5, 3.3, 0.5, 8.9, 165.8
황태리조또, 292.3, 29.1, 17.1, 5.4, 504.9
깻잎애호박찜, 38.5, 2, 0.6, 6.2, 329.2
녹차와 대추밀전병, 220.9, 9.9, 6.8, 30.1, 33.8
단호박 된장매쉬와 해물굴림만두, 96.7, 11.3, 1.2, 10.2, 414.6
닭순대, 298.3, 51.9, 2.5, 17, 256.7
도라지 유자청생채, 133.3, 2.5, 0.1, 30.6, 217.8
돼지고기 숙주덮밥, 182.1, 16.5, 5.3, 17.2, 206.1
두부스테이크, 308.8, 19, 22, 8.7, 60.7
들깨곤약수제비, 137.7, 6.1, 9.3, 7.5, 51.4
먹물소스를 곁들인 토마토피클, 140.9, 1.6, 0.2, 33.2, 73.2
묵은지고등어와 새우말이꼬치, 403, 41.5, 16.4, 22.3, 1199.1
버섯배추말이, 95.4, 5.4, 0.5, 17.3, 500
봄날의 연못, 191.1, 20.3, 0.4, 26.5, 318.5
산나물 유부초밥, 304, 10.4, 6.1, 51.8, 72.8
삼삼한 롤, 323.6, 33.7, 16.7, 9.7, 189.8
삼색채소 냉파스타, 323.2, 13.6, 7.2, 51.1, 50.9
새우보리죽 고등어스테이크, 541.5, 25.3, 9.6, 88.4, 140.7
소금없는 초밥, 521.6, 26.7, 10.4, 80.3, 172
잣소스새송이볶음, 151.4, 7.7, 18.7, 3.2, 168.2
더덕얼갈이겉절이, 35.5, 2.6, 1.3, 4.6, 448.4
과일겨자채, 123.6, 3.1, 6.2, 16.1, 109.2
콜라비물김치, 24.1, 0.5, 0.1, 5.3, 1178.3
고구마라떼, 291.7, 2.8, 14.7, 42.2, 70
홍시곶감화채, 173.2, 1.56, 3.44, 38.1, 3.1
오징어채소말이와 치킨양념소스, 106.4, 15.8, 1, 8.2, 382.1
옥수수감자샐러드, 248.6, 10.9, 16.1, 14.8, 212.7
홍합 쌀옹심이국, 317.2, 11.7, 8.3, 46.8, 498.8
찬밥김치달걀찜, 134.2, 7.9, 5.7, 12.2, 465.7
꼬막떡꼬치구이, 220.8, 11.6, 5.8, 29.7, 496.2
물파래콩전, 181.5, 10, 9.9, 15, 124.1
카스텔라케이크와 해독주스, 270.2, 5.3, 13.1, 32.8, 91.6
토마토김치, 80.2, 3.8, 1.1, 13.8, 109.5
닭가슴살스튜, 148.7, 19.4, 3.2, 10.6, 223.6
가지겉절이, 109.1, 3.8, 3.2, 16.2, 344.3
저염 동치미, 57.2, 1.4, 0.3, 12.2, 52.2
장어수육구이, 129, 15.2, 5.9, 3.9, 155.2
울금해초밥, 212, 5, 1.8, 44, 402.8
미역줄기두부무침, 178.3, 17.5, 10, 4.6, 446.4
맑은육개장, 87.4, 9.8, 2.3, 6.8, 115.8
주꾸미보양샐러드, 132.7, 20.3, 4.3, 3.2, 191.8
전복내장밥, 279.8, 12.7, 6.4, 42.8, 183.8
카레감자전, 186.9, 4.2, 5.8, 29.5, 491.9
두부채소샐러드, 154.2, 7.5, 9.4, 10, 40.1
더덕비트물김치, 43.8, 1.8, 0.1, 8.9, 107
연어허브스테이크, 455.5, 47.3, 28.1, 3.5, 256.4
해물칼국수, 184.6, 12.7, 2.7, 27.4, 150.3
버섯리조또, 213.7, 5.2, 3.5, 40.3, 66.5
삼색소고기만두, 203.8, 0.4, 5.4, 38.4, 136.1
콩가루비빔밥, 449.4, 13, 6.3, 85.2, 575.8
인삼닭살찜, 145.4, 14.1, 1.3, 19.4, 253.4
양배추버섯말이, 110.1, 0, 1.5, 24.1, 242.1
단호박떡갈비, 274.1, 20.1, 6, 34.9, 196
배추만두탕, 51.1, 5.3, 0.9, 5.5, 160.9
해산물누들볶음, 488.6, 17.1, 25.4, 47.9, 274.5
허브닭스테이크, 200, 31.2, 2.5, 13.2, 275
새우완자찜, 121, 20.4, 1.3, 7, 175.8
두부된장무침, 217.7, 15.5, 10.9, 14.4, 587.3
귀리죽, 317.9, 11.9, 7, 51.9, 53.4
탕평채, 174.3, 1.4, 0.6, 40.8, 607.3
겨자소스를 곁들인 새우롤과 전복샐러드, 379.2, 45.9, 21.1, 1.5, 330.4
속채운대저토마토백김치, 76, 3.5, 0.2, 15.1, 278.5
둥지튀김, 415.3, 25.6, 20.6, 31.9, 92.9
들깨죽, 338.7, 11.7, 19.6, 28.9, 10.9
레몬크림콩다식, 527.1, 18.4, 13.3, 83.5, 206.4
룰룰랄라, 242.5, 12.9, 6, 34.2, 55.5
매실소스를 곁들인 돼지고기만두, 183.4, 15.1, 4.3, 21, 235.5
머스터드튤립치킨, 342.4, 21.5, 26.2, 5.1, 290
머위향 통밀푸실리, 275.9, 9.7, 0.6, 58, 202.1
미니함박스테이크, 210.3, 25.5, 4.7, 16.6, 149.4
바다완자탕, 146.9, 10.5, 1.5, 23, 119.2
봄옷을 입은 닭, 656.4, 23.3, 17.7, 100.9, 224.2
삼계치킨, 359.7, 25.8, 19.8, 19.5, 168.7
삼계치킨롤, 281.2, 28.4, 9, 21.6, 151.4
새우완자탕, 13.4, 12.2, 1.3, 13.2, 141.6
아삭, 96.5, 2.3, 0.5, 20.7, 1016.3
연어비트 절임샐러드, 327.9, 29.6, 22.6, 1.6, 152.6
가지나물냉국, 28.7, 1.5, 0.7, 4.9, 540
수삼매운닭찜, 320.6, 21.8, 11.2, 37, 684.5
수박즙돼지목심구이, 229, 197.5, 16.1, 6.8, 199.8
별미병어조림, 174, 11, 8.9, 12.9, 706.9
비름나물겉절이, 29.4, 3.6, 1, 2.5, 381.3
깻잎단호박튀김, 124.7, 2.1, 7.5, 13.4, 2.2
냉머위들깨나물, 73.1, 3.8, 4.7, 4.9, 395.8
수박껍질풋고추볶음, 41.2, 0.6, 4, 1.2, 339.1
우무오미자냉화채, 71.3, 1.65, 0.88, 14.4, 17
포도호두스무디, 159.8, 4.5, 5.8, 24.1, 26.5
전복영양밥과 부추양념장, 387.2, 12.8, 1.9, 77.5, 459.9
근대쌈밥과 멸치견과류쌈장, 407.3, 11.7, 6.1, 76.1, 456.8
장어조림, 190.1, 14.1, 505, 21, 1236.7
통삼겹스테이크, 472.2, 19.9, 35.3, 18.8, 193.7
저염된장 삼치구이, 196.3, 18.9, 10.8, 5.8, 168.8
미역전복죽, 247.9, 4.9, 3.9, 48.3, 140.9
불고기미니볼, 346, 15, 17.2, 32.9, 120.8
치자연근물김치, 80.9, 1.6, 0.6, 17.3, 106
훈제연어롤, 322.1, 47.9, 9.3, 11.8, 696.1
크림닭, 435.5, 52, 18.6, 15, 632.5
등심채소롤, 531.8, 26.5, 23.9, 52.5, 522.4
유부완자탕, 297.5, 24.8, 17.6, 10.1, 325.3
미니밥버거, 530.9, 18, 15.4, 80, 125.1
파프리카볶음밥, 309, 23.1, 9.9, 31.9, 245.3
리코타치즈돈가스, 476.4, 26.2, 26.7, 32.8, 328.5
삼겹살부추찜, 656.6, 32.8, 51, 16.6, 718.8
전복죽, 225.9, 17.6, 1.3, 36, 109.9
오징어토마토초무침, 155.7, 7.4, 1.7, 27.7, 410.1
들깨칼국수, 255.6, 7.7, 8.3, 37.4, 76.5
소고기채소불고기, 381.7, 34.1, 23.4, 8.7, 196.8
숙주라면, 342.8, 12.8, 9.7, 51, 218.4
곤약냉면, 91.7, 1.5, 0.4, 20.5, 89.5
과일갈비찜, 669.2, 67.1, 31.3, 29.9, 903
토마토소스닭갈비, 338.6, 33.8, 14.4, 18.5, 356.9
골뱅이과일무침, 225.3, 10.6, 1.4, 42.5, 412.1
두유 마 떡갈비, 429, 47.4, 20.1, 14.7, 313.2
떡갈비와 미니잡곡밥, 357.4, 32.7, 12.2, 29.3, 408.9
리코타소스 연어샐러드, 280.7, 19.3, 17.5, 11.3, 120.7
망고무스케이크와 마카롱, 487.3, 7.7, 25.5, 56.7, 133.2
망고자몽드레싱 해산물전체, 163.5, 26.2, 1.1, 12.2, 233.6
머쉬룸 닭스테이크, 196.8, 24.2, 5.5, 12.5, 152.5
미역소스와 타르타르, 202.3, 13.1, 9.5, 16.1, 306.6
발사믹소스를 곁들인 오리스테이크, 307.5, 13.1, 21.6, 15.2, 486.9
방울토마토를 곁들인 너비아니구이와 쌈밥, 407.1, 49.6, 12, 25.2, 349.6
배차와 주악, 246.8, 3.1, 0.9, 56.5, 122.3
배추관자카나페, 104.7, 9.9, 0.9, 14.1, 217.5
버섯과 두부 비프웰링턴, 451.6, 23.3, 11.2, 64.4, 95.6
복분자소스를 곁들인 닭테린, 274.2, 36.7, 10.4, 8.4, 306.8
관자버터구이, 202.3, 7.7, 9.3, 21.9, 379.5
세 가지 미니 에피타이저, 230.2, 20.7, 8, 18.7, 168.8
식혜양갱과 수박증편, 59.8, 0.3, 0, 14.6, 20.7
호박잎다슬기된장국, 86.7, 9.5, 5.9, 6.2, 577.2
양배추두부찜과 양파케첩소스, 165, 10.7, 7.2, 14.1, 478.8
수박비빔국수와 수박고추장소스, 468.7, 17.5, 6, 88.7, 298.9
미숫가루 부추전, 212.8, 11.8, 4.9, 33, 228.7
애호박장떡말이밥, 400, 9.3, 4.5, 82.8, 447.6
봄나물주먹밥, 295.8, 6, 3.9, 57.9, 240.3
달래두부김치무침, 59, 4.6, 2.9, 4.2, 300.9
딸기소스닭가슴살채소무침, 140.6, 14.9, 3.3, 12.3, 205.9
쑥호두달걀말이, 105.2, 6.8, 7.9, 1, 165
시래기리조또, 445.2, 9, 16.3, 64.3, 419.7
생과일과가자미까나페, 305.1, 9.8, 14.3, 34.2, 354.3
꽃게살국, 114, 14.2, 3.9, 5.3, 579.9
우엉들깨무침, 22.3, 0.8, 1.1, 2.4, 94.2
새우두부만두, 397.5, 27.1, 4.8, 66.3, 563.2
마마무스프, 72.9, 1.8, 3.6, 8.3, 91.4
단호박리조또, 272.4, 8, 5.3, 48.2, 129.1
토마토떡볶이, 351, 7.8, 2.7, 73.9, 503.7
소고기채소볶음, 503, 23.3, 34.3, 25.2, 169
양송이크림볶음밥, 346.1, 13.3, 7, 57.5, 197.1
해물우동볶음, 369.1, 17, 6.4, 60.9, 1259.7
단호박닭꼬치, 441.5, 18.9, 11.5, 65.7, 645.9
떡갈비콩나물밥, 357.2, 12.5, 2.4, 71.4, 358.1
크림치즈떡볶이, 333.2, 9.8, 6.7, 58.5, 171.3
목살스테이크, 545.1, 29, 37.3, 23.4, 391.6
치킨완자스프, 236.7, 17.6, 13.8, 10.5, 199.1
돼지고기말이튀김, 391.5, 13.6, 30.5, 15.7, 171.5
단호박피자, 349.2, 19.3, 19.9, 23.2, 372.1
L..A갈비구이, 310.8, 13.8, 24.2, 9.4, 301.7
닭고기파스타, 374.4, 29.3, 6.3, 50, 460.2
동글동글도넛, 290.9, 25.4, 13, 18, 58.9
된장크림소스 잡곡 오므라이스, 363.4, 21.5, 16, 33.4, 506.1
두릅부추 소고기말이, 321.7, 47.9, 10.9, 8, 347.3
두부 비빔호박쌈, 345.9, 11.1, 7.4, 58.8, 98.6
두부곤약파스타, 258.8, 10.1, 18.8, 12.3, 395.2
두유 라이크 파스타, 530, 20.3, 13.1, 82.6, 127.3
라따뚜이, 75.5, 2.3, 3.3, 9.3, 227.6
라이스페이퍼 야채롤, 229.2, 11.7, 4.3, 35.9, 270.3
브로컬리 단호박스프와 완두콩퓨레, 81.6, 4.1, 1.8, 12.4, 100.6
삼색샐러드와두부구이, 243.7, 16.9, 14.8, 10.7, 353.3
새송이등갈비, 382.3, 29, 14.6, 33.6, 1554.7
설렁탕쑥떡볶이, 350, 16.8, 10.1, 48, 296.4
소안심 야채 호박잎쌈, 173.5, 21.3, 7.1, 6, 150.8
양배추 고기말이, 162.9, 15.4, 5.5, 12.9, 113.1
양배추 쌈말이, 125.8, 14.1, 1, 15, 85.2
연어샐러드, 274.8, 33.6, 14.2, 3.2, 334.6
오렌지 드레싱 타다키 부추샐러드, 280.7, 27.7, 12.6, 14, 143.6
마감자전, 165.4, 3.4, 5.4, 25.2, 156.4
배추토란국, 77.7, 6, 3.1, 6.8, 564.9
갈치고추장구이, 132.8, 9.9, 8.1, 4.2, 298.7
단호박푸딩, 143.4, 6.9, 8.6, 10.5, 55
고등어된장구이, 193.8, 11.4, 14.8, 3.1, 613.6
낙지브로콜리볶음, 92, 10.2, 3.4, 5.7, 580.7
주꾸미돌나물무침, 69.6, 6.2, 1.4, 8.4, 350.1
사과소스폭찹, 184.2, 11, 12.8, 6.2, 233.5
건도토리묵버섯들깨국, 89.1, 4.1, 2.5, 12.3, 457
무대하무침, 71.2, 6.9, 2.9, 4.6, 153.1
간편조기찜, 124.8, 14.9, 5.7, 3, 405.7
표고버섯쇠고기찜, 78.7, 5.4, 4, 4.8, 318.4
참나물돼지고기샐러드, 213.3, 12.1, 14.1, 8.5, 246
연근배추홍시샐러드, 171.5, 3.3, 9.4, 20.2, 112.2
열무곤약국수, 62.2, 3.1, 0.4, 11.5, 477.8
장어구이, 186.1, 16, 4, 21.5, 460.7
안심스테이크, 238.6, 13.6, 13.1, 16.7, 118.7
로제파스타, 282.6, 10.4, 10.4, 37, 41.4
가지라따뚜이, 68.6, 2.6, 2.6, 8.2, 122.3
쪽갈비구이, 306.8, 23.3, 22.5, 2.7, 150.9
베이컨밀푀유, 155.6, 10.5, 10.1, 5.6, 610.2
실곤약냉파스타, 117.8, 4.2, 8.4, 6.4, 80.3
명란프리타타, 187.1, 17, 11.6, 3.6, 329.5
양송이구이, 162.2, 14.5, 8.6, 6.6, 115.9
함초김치, 49.1, 0.7, 0.2, 11.2, 176.1
연어스테이크, 487.8, 23.3, 26.1, 31.1, 362.3
웰빙꼬치, 125.5, 11.8, 2, 15.1, 60.5
매운닭날개구이, 285, 17, 14.3, 22, 433.9
웰빙카레죽, 210.4, 5.1, 6.1, 33.7, 351
닭가슴살 두부선, 94.34, 14.4, 3.58, 1.13, 17.24
단호박 마전, 122.34, 2.53, 5.1, 16.58, 1.18
완두콩과 당근을 넣은 감자요거트 샐러드, 44.3, 2, 0.4, 8.3, 25.5
무오색쌈, 19.1, 1.7, 0.9, 1.1, 63.5
흑마늘견과류조림, 179.2, 6.3, 10.4, 15.1, 120.2
고구마 찰 빵, 241, 6.35, 6.27, 39.76, 4.16
브로콜리견과류복음, 131.3, 4.1, 10.2, 5.7, 5.3
유린기, 173.3, 11.3, 11, 7.3, 148.2
단호박 호밀빵, 271, 10.59, 1.86, 53.05, 1.83
미숫가루 스콘, 376, 9.53, 12.73, 55.8, 8.1
고구마 공갈빵, 277, 8.73, 1.92, 56.14, 4.46
검은콩 크림빵, 233, 10.98, 3.47, 37.02, 4.69
오이 소르베, 65.4, 3.7, 1.9, 8.3, 34.7
리코타치즈 카프레제, 222.7, 4.7, 18.6, 9, 13.9
연두부 카프레제, 309.3, 17.5, 21.1, 12.3, 279.4
연두부 토마토, 110.1, 8.3, 5.1, 7.6, 46.9
들깨삼겹살과 참외쌈장, 491.8, 16.4, 43.2, 9.4, 893.9
돼지고기 포두부 파스타, 459.4, 35.6, 30.8, 9.9, 211.8
단호박 양파잼 샌드위치, 287, 10.5, 8.6, 41.8, 489.2
시금치크림치즈 빵, 303, 9.2, 13.54, 36.07, 2.28
무말랭이김치, 10.86, 0.14, 0, 2.56, 1.85
코울슬로샐러드, 44.1, 0.6, 2.8, 4.2, 26.8
마들깨미역국, 161.9, 6.8, 9.2, 13.1, 173.6
바지락맑은국, 9.9, 1.5, 0.1, 0.8, 82.7
통배추 겉절이, 22, 1, 0.8, 2.6, 110.2
포니언 스프, 187.8, 5, 7.9, 24.1, 109.1
가지 탕수육, 297.2, 7.5, 17.6, 27.2, 596.3
토마토소스 애호박냉파스타, 121.7, 2.7, 8.1, 9.4, 425.3
새우채소 김치롤, 121.1, 14.2, 4.7, 5.5, 526.4
떡순이 두부쌈, 517, 32.5, 22, 47.4, 566
두부샐러드 메밀김밥, 423.9, 30.4, 20.1, 30.2, 561.9
토마토채소스프와 연어소바찜, 260, 16.3, 5.1, 37.2, 250.5
참나물무말이 물김치, 34.4, 0.8, 0.2, 7.5, 209
소고기 무국, 46.5, 6.49, 0.77, 3.42, 226.87
매운락교무침, 46.9, 0.9, 1.1, 8.4, 500.6
채소초밥, 393.26, 7.59, 1.37, 87.64, 144.48
꽃게바지락찌개, 23.2, 1.4, 1.3, 0.2, 113.5
새뱅이찌개, 74.9, 3.8, 0.1, 14.7, 561
황태미역국, 46, 3.5, 0.6, 6.6, 170.4
매실입은가지닭볶음탕, 211.4, 26.2, 7.7, 9.2, 241.6
홍시잼 식빵, 239, 6.41, 4.25, 43.76, 12.37
콩가루 소보로, 279, 9.08, 8.35, 41.91, 13.53
곤약 가스, 449.8, 15, 26, 39, 385.3
두부크림 관자뇨키, 267.6, 26.5, 12.2, 12.9, 478.9
토마토 해물누룽지탕, 238.9, 16.3, 6.6, 28.6, 585.2
삼색나물, 토마토양념장, 35.96, 1.71, 0.7, 5.71, 103.32
삼색 브레드 스틱, 315, 10.61, 7.55, 51.04, 1.61
양배추말이 김치, 33.2, 1.7, 0.2, 6.1, 200.2
단호박 양고기볶음, 244.3, 23.1, 7.2, 21.8, 157.8
채소 프리타타, 467.2, 33.3, 30.6, 14.8, 478.6
고등어 라따뚜이 파스타, 420.7, 24.3, 29.9, 13.8, 551.5
과카몰리 갈치구이, 73.8, 6.8, 4.1, 25, 54.3
배추겉절이, 2, 0.6, 0.1, 2, 85
홍시에이드, 42.14, 0.18, 0.02, 10.3, 2.06
낙지묵은지콩나물국, 71.7, 6.3, 1, 9.4, 280.5
자색고구마 버터크림 빵, 929, 6.42, 14.21, 34.64, 7.54
치아바타 피자빵, 237, 12.79, 7.65, 29.14, 1.7
코코넛워터 토마토카레, 583.9, 25.2, 14.3, 88.6, 601.2
치즈 단호박, 379.3, 19, 11.9, 49, 248.5
강황 투움바 파스타, 392.5, 11.7, 11.6, 60.4, 221.7
깻잎 쌈두부 라자냐, 601.9, 37.8, 39.3, 24.3, 450.2
참깨가지말이밥, 575.9, 12.9, 17.3, 92.2, 55.6
코다리 뿌리채소 들깨탕, 93.33, 14.75, 2.2, 3.64, 155.11
찹쌀 흰살 생선찜, 206.1, 16.4, 6.8, 20, 284.6
깻잎퓌레를 곁들인 삼치새우, 575.2, 27.3, 33.8, 40.5, 655.6
참나물페스토 파스타, 462.2, 11.8, 21.9, 54.5, 60.8
카레삼겹살 파니니, 655.5, 23.9, 26.6, 80.1, 738.3
어린잎채소 건두부말이, 233.8, 12.7, 17.1, 7.3, 156.7
해산물 완자볼을 곁들인 양장피 콩국수, 265.6, 10.2, 3.2, 49, 360
토마토를 곁들인 마늘밥, 427.8, 8.8, 5.5, 85.8, 3.6
낙전새 카레볶음밥, 568.5, 23.4, 10.2, 95.7, 451
토마토 채소 계란찜, 181.76, 11.68, 13.23, 4, 159.3
배 깍두기, 31.66, 0.72, 0.39, 6.33, 284.48
바지락가자미완탕국, 126.6, 15.5, 0.6, 14.8, 177.5
저염보쌈김치, 9.97, 0.3, 0.11, 1.96, 112.95
새우게살 파프리카롤, 108.3, 6.8, 5, 8.9, 366
콩국물소스를 곁들인 게살 냉채, 231.6, 16.3, 12, 14.5, 475.4
방아잎 닭고기말이, 501.9, 43.8, 34.2, 4.8, 344.1
새우 카레 빠에야, 366.9, 14.9, 7.2, 60.6, 370.6
오징어 가라아게&칠리소스, 595.1, 25.1, 41.5, 30.4, 307.7
토마토 채소 가지롤, 414.6, 9.6, 33.3, 19.2, 361.3
토마토시금치 닭볶음탕, 90.1, 8.2, 2.7, 8.2, 76.1
콜라비 깍두기, 14, 0.6, 0.2, 2.6, 40.5
비타 오이 물김치, 13.46, 0.34, 0.02, 2.99, 30.88
감자미역국, 35.4, 1.1, 2.3, 2.5, 174.6
청경채 김치, 53.7, 1.9, 0.7, 9.9, 382.6
두부 새우볼, 187.1, 15.3, 10.3, 8.4, 288.1
소고기육전과 전복내장소스, 341.6, 16.6, 25.3, 11.8, 191.6
라이스페이퍼 수제소시지, 542.8, 38.6, 26.1, 38.3, 451.7
치즈토마토 가지구이, 263.6, 14.8, 18.5, 9.4, 200.7
묵은지 밀푀유나베, 115.5, 12.1, 5.2, 5.2, 356.5
생선까스&타르타르소스, 277.3, 14.5, 20.8, 8, 201.2
미옹 카레, 298.6, 6.8, 16.6, 30.7, 579.7
곤약 감자조림, 37.8, 0.64, 0.01, 8.78, 305
배추된장국, 44.9, 4.2, 1.3, 4, 52.1
한우굴라쉬, 86.7, 4.4, 3.4, 9.6, 178.5
요거트강화순무김치, 15.87, 0.9, 0.14, 2.75, 29.8
크림카레소스를 곁들인 함초두부스테이크, 289.9, 28.7, 13.5, 13.4, 349.6
레몬등갈비구이, 281.4, 24.4, 19.5, 2, 74.3
밀푀유 채소 웰링턴, 216.4, 14.6, 14.2, 7.2, 647.7
참나물 매콤함박스테이크, 99.6, 13.2, 3.5, 3.9, 135.5
과일 먹은 닭탕수, 104.12, 5.07, 4.28, 11.33, 25.88
콜리플라워미역국, 20.9, 1.3, 1.5, 0.6, 113.1
구기자모듬장조림, 59.2, 4.3, 2.3, 5.3, 215.6
오미자저염나박김치, 43.05, 0.42, 0.24, 9.8, 7.24
메밀면 샐러드, 201.5, 9.4, 6.2, 26.9, 308.8
치즈 두부 튀김, 355.4, 19.4, 19.9, 24.7, 172.9
단호박 라타투이, 235.4, 21.7, 12.5, 9.1, 682.6
느타리버섯볶음, 51.5, 2.4, 3, 3.8, 158.2
오리들깨 겨자소스 초무침, 179.7, 17.8, 10.7, 3.1, 45.2
닭고기 바비큐, 174.7, 13.1, 8.5, 11.9, 73
닭고기 편육, 262, 19.4, 15.5, 8.3, 238
돼지고기 찹쌀부침, 343.7, 13.4, 10, 48.3, 120
등심 배구이, 97.2, 7.9, 5.1, 3.8, 241
버섯소스를 곁들인 돼지 등심 스테이크, 387.7, 20.4, 26.1, 8, 80
쇠고기 감자찜, 183.6, 12.9, 7.3, 16.5, 200
양송이버섯과 포도주스를 가미한 등심구이, 182.5, 11.3, 10.3, 15.3, 163
비타 오이 물김치, 13.46, 0.34, 0.02, 2.99, 30.88
새우살토마토스튜, 67.1, 5.5, 2.3, 6.1, 280.4
견과류문어떡갈비, 329, 27.1, 13.6, 24.5, 156
배물김치, 27.93, 0.41, 0.07, 6.42, 3.37
성주참외동치미, 37.47, 0.9, 0.16, 8.1, 80.06
애호박 순대, 165.4, 6.7, 1.7, 30.9, 129.2
버터치킨카레, 493.1, 34.3, 29.6, 22.4, 204.5
소고기찜과 검은콩수제비, 264.2, 30.8, 8.5, 16.1, 437.1
소고기 김말이, 255.8, 16.4, 15.9, 11.8, 135.2
케이준 스타일 닭고기 요리, 303, 19.8, 22, 4.2, 62
헝가리안 폭찹, 314.1, 18.6, 20.6, 3.5, 110
구운 닭고기 샐러드와 저나트륨 과일 드레싱, 246.5, 13.1, 14.5, 17.3, 175
돼지고기 수육 부추부침, 202.4, 9.4, 13.2, 10.3, 257
쇠고기 채소볶음, 191, 9.4, 14.8, 4.7, 219
낙지볶음면, 154.6, 9.8, 0.9, 27.6, 270
지중해 소스를 곁들인 도미스테이크, 290, 23, 13.8, 7, 81
해산물 샤브샤브, 125, 12, 6.1, 5.8, 144
고등어구이, 279.9, 14.7, 20.3, 6.3, 105
골뱅이무침, 104, 5.1, 2.4, 17.5, 202
굴 두부 국, 49.5, 4.8, 2.8, 3.5, 257
과일퓨레수제함박스테이크, 166, 11.7, 6.6, 14.9, 377.5
달콤과일깍두기, 19.9, 0.7, 0.2, 3.8, 19.8
비트 단호박 파스타, 340.5, 6.9, 16.8, 40.5, 136.4
해조비빔국수, 106.2, 2.7, 1.2, 21.2, 357.6
닭봉 로제스튜, 379, 28, 23.3, 14.3, 340.6
수제새우소시지, 266.5, 10.1, 6.6, 41.7, 317
감태샐러드말이와 버섯말이깐풍, 125.2, 2, 2.8, 22.9, 120.1
금태찜, 73.8, 10.8, 0.6, 7.6, 305
김자반, 45.2, 4.8, 0.9, 10.4, 232
꽁치 양념구이, 234.4, 12.7, 7.2, 28.9, 169
꽃게강정, 261, 17.6, 11.1, 21.9, 470
낙지강회, 51.9, 6.8, 0.4, 7.1, 153
낙지 잣소스 냉채, 226.7, 10, 14.3, 18.5, 233
두부 해산물 꼬치구이, 182.6, 15.6, 12.8, 2.6, 146
마 두부 오징어전, 173.3, 10.6, 8.8, 16.8, 159
멸치 찹쌀양념 튀김, 212.9, 8.8, 13.1, 17.6, 181
미역 물오징어 연두부 초회, 48.3, 7, 1.2, 3.9, 171
부추조개살 콩비지조림, 36, 3.3, 0.5, 5.3, 62
연어냉채, 129, 9.4, 6.7, 7.4, 398
오징어말이 케첩조림, 152.2, 20, 4.3, 8.8, 190
오징어보쌈과 저나트륨 된장소스, 46.2, 8.1, 0.7, 1.8, 192
칠리새우, 192.6, 10.7, 8.9, 16.3, 159
연근샐러드, 흑임자소스, 28.76, 0.69, 1.19, 3.82, 4.9
단호박함박스테이크, 323.8, 17.5, 12, 36.5, 311.5
배깍두기, 65.06, 0.96, 0.42, 13.74, 6.56
닭고기 찰깨빵, 500.6, 16.7, 12.6, 80.1, 852.1
레몬연어 파피요트, 431.7, 33.3, 29.5, 8.3, 121.1
떡꼬치구이, 160.9, 3.1, 1, 34.9, 214
부추 배무침, 32.1, 1.5, 0.4, 5.6, 305.1
아보카도 두부 샐러드, 246.2, 11.6, 38.7, 8.5, 362
과일 젤리, 143.4, 1.1, 0.1, 32.8, 25.3
복숭아샤벳, 92.8, 1.6, 0.3, 24.3, 7
과일 주스 조림, 182, 1.5, 0.5, 39.4, 7
감자를 곁들인 야채스튜, 87, 3.4, 2.4, 14.8, 30
김치 고구마밥, 247.9, 3.9, 2.4, 54, 233
돈불고기 파인애플볶음, 113.18, 9.03, 6.05, 5.65, 187.59
비름나물 된장무침, 60.3, 3.4, 3.2, 4.5, 130.4
소고기 들깨 알토란탕, 146.42, 7.57, 5.17, 17.4, 675.68
과일삼겹살조림&파채무침, 205.5, 16.3, 8.5, 15.9, 186.9
곤약백김치말이, 46.99, 6.28, 1.01, 3.2, 171.08
꽈리고추 닭강정, 566.2, 35.8, 32.4, 32.8, 744
참치두부 주먹밥, 299.7, 24.7, 13.1, 20.9, 248.3
열무톳김치, 13.7, 1, 0.1, 2.2, 379.3
대구 크림스튜, 186, 28.1, 5.5, 4.4, 406
대추죽, 132, 3, 0.8, 29.4, 2
돼지고기 토마토 두부볶음, 157, 10.1, 9.8, 8, 294
멜론스프, 86, 1.9, 0.2, 21.9, 22
미니버거, 123, 10.2, 5.5, 8.4, 226
바질 고구마 옥수수빵(플렌타), 161, 7.8, 4.6, 23.3, 229
밥스틱, 219.2, 6.1, 7.6, 32.8, 227
버섯 리조또, 325, 807, 4.9, 59, 125
버섯 참치 무른밥, 145, 5.4, 3, 23.3, 1
송이 미역국, 136, 4.3, 2.4, 25.7, 309
시금치 배 미음, 137, 3.5, 0.4, 30.1, 12
어린이 스시, 135, 6.7, 6.4, 11.3, 200
에멘탈 치즈 퐁듀, 109, 6.9, 5, 10.1, 106
두부구이, 버섯소스, 91.12, 7.02, 5.74, 2.85, 1.97
고구마 김치, 95.86, 0.91, 0.27, 22.44, 1.44
담양식떡갈비&야채쌈, 200.4, 23.9, 8.9, 3.9, 197.1
단감피클, 148.51, 0.25, 0.19, 36.44, 5.24
들깨 삼계면, 448.5, 27.4, 6.6, 69.9, 214.4
골뱅이무침과 삼겹살수육, 504.8, 30.4, 37, 12.6, 709.8
완두콩 스프, 169, 12.4, 4.7, 20.8, 117
유부 만두찜, 114, 9.31, 6.1, 8.7, 163
펜네 파스타 샐러드, 213, 7.3, 4.7, 34.2, 72
해산물 옥수수 오븐구이, 112, 9, 4.7, 8.5, 211
향향 볶음밥, 104, 5.6, 1.3, 18.9, 10
흑임자 두부국, 164, 7.1, 4.8, 23.6, 2
과일 요구르트 샐러드, 77, 2.6, 0.2, 18.2, 20
단호박 스프, 102, 3.1, 3.8, 16, 46
새우 완자탕, 87, 9.9, 1.1, 9.3, 205
생강향의 고구마 크로켓, 205, 2.2, 10.9, 25.2, 49
알파벳 스프, 109, 4.6, 2.1, 17.4, 36
야채 과일 돌구이, 71, 1.2, 0.2, 18.2, 5
야채볶음, 91, 2.4, 3.1, 15.4, 10
야채빵, 194, 6, 3.2, 33.7, 188
영양 달걀찜, 76, 5.8, 3, 7.1, 87
유부 달걀찜, 87, 6.1, 5.4, 3.9, 209
찰 어묵찜, 103, 9.4, 2.2, 11, 397
유부 우엉 잡채, 40.71, 1.13, 2.68, 3.02, 128.73
치즈두부샐러드, 104.06, 6.2, 5.31, 7.87, 101.08
된장숙성저수분수육, 342.6, 33.1, 15.7, 17.2, 178
스마일오이피클, 52.15, 1.01, 0.54, 10.83, 9.69
참나물 소보로덮밥, 293.9, 9.3, 5.6, 51.5, 583.6
버섯초계탕, 277.3, 24.6, 5.9, 31.4, 178.9
사과채소타코, 277.9, 6.7, 9.5, 41.5, 845.7
케첩 완자, 142, 10.8, 4.9, 13.8, 156
홍시 생밤 무침, 118, 2.1, 3.7, 22.3, 6
고구마 경단, 209, 2.7, 3.5, 44, 51
두부 깻잎 과자, 150, 7.1, 4.9, 20.6, 190
두부양갱, 67, 2.8, 1.7, 11.9, 2.5
멸치 누룽지과자, 191, 11.6, 4, 29.4, 177
복숭아 화채, 73, 1.3, 1.2, 16.7, 2
사과 포도주스 조림, 135, 1.8, 4.2, 25.1, 25
홍시 쉐이크, 70, 1.1, 0.6, 18.3, 5
김치떡, 302, 13.7, 3.4, 53.4, 293
누룽지 피자, 280, 10.9, 2.6, 57.4, 350
단호박 새우찜, 202, 11.1, 3.5, 38.6, 395
두부 샌드위치, 190, 8.3, 9.6, 22.3, 8
라이스페이퍼 새우롤, 141.6, 7.2, 2.4, 22.9, 86
레몬, 파슬리 빵가루를 입힌 도미, 88, 10, 1.7, 8.4, 62
롤피자, 374, 13.9, 5, 63.8, 524
닭곰탕, 46.5, 7.6, 0.7, 2.5, 63.5
미나리버섯고기말이&산채소스, 287.6, 31.6, 14.1, 8.7, 83.6
오이파프리카새콤무침, 11.45, 0.18, 0.04, 2.59, 1.05
양상추샐러드 & 과일드레싱, 57.4, 1.9, 1.1, 9.9, 33.8
시금치들깨무침, 159.24, 10.05, 7.88, 12.03, 32.68
채소롤초밥, 384.1, 7.5, 5.1, 77.2, 267.4
미니 떡갈비, 145, 15, 3.9, 13.5, 308
배추 달걀볶음, 1311, 8.3, 7.5, 7.3, 188
사과와 양파를 곁들인 돼지등심 요리, 294, 17.9, 21, 6, 36
새우 속을 채운 리치와 감자튀김, 258, 14.7, 11.5, 24.5, 196
생선살 완자 찹쌀 찜, 213, 20.1, 0.7, 30, 263
서양식 씨리얼(뮤즐리), 159, 5.2, 4.8, 25.8, 27
수퍼 브리또, 253, 9.4, 6.4, 40.5, 110
아보카도 달걀 샌드위치, 153, 5.9, 4.9, 20.3, 272
알록달록 시금치 당근 수제비, 236, 9.7, 2.1, 42.3, 484
인도식만두구이(사모사), 156, 7.8, 4.8, 19.9, 213
중국식 바비큐 폭립, 311, 22.8, 18, 13.5, 352
제주도 빙떡, 귤간장소스, 94.02, 1.33, 0.97, 20, 9.56
퓨전떡갈비, 195.85, 12.58, 5.18, 24.74, 265.63
마늘칩 감자샐러드, 80.12, 1.19, 3.85, 10.18, 51.78
시래기닭조림, 210.1, 19.3, 9.2, 12.5, 198.3
두부튀김&무소스, 138.1, 9.1, 6.5, 10.8, 132.8
오징어튀김&딸기쨈, 591.6, 17, 40.6, 39.6, 135.9
감귤콩샐러드, 145.7, 3.54, 6.74, 17.73, 13.62
바질향이 향긋한 고구마 찰 바케트, 286, 7.97, 7.34, 47.11, 2.07
두유 크림 현미리소토, 847.4, 28.4, 31.3, 113.1, 712.2
당근새우 카나페, 349.6, 19.8, 7.8, 50, 701.4
아보카도 수란샐러드, 172.1, 4.2, 9.4, 17.7, 88.2
참깨 오렌지 쇠고기, 183, 21.1, 6.2, 9.8, 269
치킨 버거 스테이크, 128, 21.5, 0.7, 9.5, 89
토마토소스 달걀볶음, 111, 4.4, 5.9, 10.2, 107
낫토 시래기 라이스전, 138, 6.3, 2.9, 22.9, 163
나스와 샐러드, 92, 8.1, 41, 5.1, 79
다시마전, 79, 4.3, 1.6, 13.2, 311
모듬옥수수, 127, 9.9, 3.6, 15, 109
버섯 들깨탕, 124, 3.9, 5.3, 17.3, 32
산마드래싱과 실곤약 샐러드, 97, 7, 4.9, 7.2, 36
산호두부, 89.4, 7, 3.4, 8.5, 55
섭산삼, 233, 4.7, 8.2, 26.9, 4
시금치 돼지고기 볶음, 105, 9.2, 4.5, 7.4, 284
발사믹과 로즈마리로 향을 낸 오븐구이 야채, 136, 1.9, 0.6, 34.3, 52
종이에 싸서 구운 도미(파필로테), 104, 13.8, 4.5, 2.2, 51
무염 겉절이, 11.96, 0.45, 0.01, 2.53, 1.67
닭가슴살호두크로켓, 623.5, 43.8, 27.2, 50.8, 312.9
누룽지상추샐러드&유자드레싱, 105.56, 0.67, 2.75, 19.51, 8.32
견과류 미숫가루 빵, 353, 12.56, 13.64, 44.89, 5.64
돼지 함초 덮밥, 816.8, 43.3, 34.4, 83.6, 498.9
닭가슴살 채소쌈, 266.3, 23.7, 9.2, 22.1, 349.1
호두 사과 샐러드, 110, 1.2, 6.5, 13.7, 31
고구마란, 166, 2.9, 2.7, 36.6, 13
과일 파이, 182, 2.8, 2.4, 38.7, 29
수삼당근정과, 110, 2.1, 0.2, 28.3, 23
식혜 팥빙수, 136, 3.6, 0, 33, 5
야채칩, 72, 1.8, 0, 17.7, 17
잡곡강정, 153, 5.5, 2.4, 29.2, 10
잣 호두 강정, 94, 2.1, 6.8, 7.9, 1
현미 크레이프, 259, 7, 0.7, 56.2, 42
감자 주먹밥, 240, 8.9, 5.6, 41.9, 67
고기완두조림, 183, 11.4, 7, 18.9, 45
니고랭, 229, 11.5, 3.8, 35.9, 310
돼지갈비 볶음, 151, 12.1, 8.3, 6.7, 293
미니 그라탕, 236, 6.3, 5.6, 44.6, 58
밀라노 스타일 포크 커틀렛, 229, 13.8, 15.1, 7.6, 98
바지락 볶음면, 235, 12.6, 4, 36.3, 448
삼색 꽃 화전, 160.6, 2.11, 6.97, 22.36, 1.31
알록달록연근튀김, 66.9, 1.1, 2.4, 10.2, 103.4
잎채소튀김, 222.6, 2.3, 19.2, 10.2, 70.5
포항초사과샐러드, 10.34, 0.77, 0.13, 1.52, 15.81
생선 파피요트, 162, 22.1, 4, 9.5, 881.6
시금치 후무스, 195.8, 9.4, 5.4, 27.3, 34.5
매생이조랭이떡국, 380.8, 11.2, 2.1, 77.3, 637.3
문어핫바, 191.5, 11, 6.7, 22.3, 324.6
매실장아찌와 과매기구이, 230.2, 13.5, 12.1, 16.7, 412.7
자색고구마호떡, 229.2, 3.7, 6.5, 38.4, 71.9
김치밥그라탕, 515.1, 14.5, 18.9, 69.3, 679.8
누룽지굴죽, 239.3, 8.4, 2.9, 47.9, 337.6
콩비지완자탕, 154.6, 9.7, 5, 16.5, 699
돼지갈비구이와 백김치와인조림, 252, 13.8, 13.7, 13.1, 446.7
오징어오곡밥순대, 105, 7.8, 2.6, 12.5, 617.2
코다리 양념구이, 133, 12.1, 5.1, 10, 258.1
대구버섯구이, 197.9, 13.3, 9.5, 14.9, 237.6
잔멸치땅콩볶음, 145.6, 7.4, 9.8, 7.8, 352.7
밥 샌드위치, 322, 14.9, 8.1, 50.6, 476
버섯을 넣은 가지 라자냐, 136, 8.1, 5.1, 14.8, 243
생선찜 채소말이, 163, 15.5, 3.4, 1838, 346
쇠고기말이 쌈밥, 204, 11.3, 6, 27.5, 354
스테이크 샐러드, 177, 17, 10.1, 3.5, 404
씨앗죽, 198, 5.4, 7.9, 27.3, 20
오븐에 구운 또띠아 칩과 아보카도 딥, 139, 2.6, 3.9, 24.1, 40
참치 쇠고기 양상추 쌈, 181, 9.2, 5.2, 24.9, 313
치킨 쇠고기 땅콩소스 꼬치, 148, 14.4, 6.2, 8.3, 536
커리향이 들어간 치킨샐러드 샌드위치, 194, 8.8, 7.4, 23.3, 77
클럽 샌드위치, 1, 1, 1, 1, 1
토마토 야채 오븐구이, 103, 3.1, 2.8, 17.4, 67
시금치비트무침, 38, 2, 1.3, 5.6, 152.6
해초탕수, 128.7, 2.1, 4.9, 19.5, 132.8
호두떡볶이, 383.1, 5.8, 15, 57.1, 219.7
죽순콩나물밥, 368, 10.1, 2.3, 75.1, 226.4
멍게비빔밥, 399.5, 9.7, 6.2, 73.3, 532.8
키조개샤브샤브, 85.4, 9.3, 1, 10.6, 424.8
가자미쑥국, 123.4, 15.2, 4.9, 3.7, 567.7
달래바싹불고기, 197, 13.4, 13.4, 5.3, 237.6
오리고기곰피쌈, 137.3, 10.3, 7.1, 7.8, 355.9
바지락수제비볶음, 271.6, 10.6, 7.1, 43.5, 295.2
민들레무침, 24.9, 1, 0.9, 4, 127.9
취나물들깨무침, 83.4, 3.5, 5.7, 5.5, 256.1
토마토소박이, 30, 1.4, 0.7, 5.2, 316.6
풋마늘오징어김치, 39.2, 4.7, 0.8, 3.8, 220.8
절편꽃말이떡, 115.6, 3.2, 1.7, 20.2, 132.5
가지볶음, 37.6, 0.9, 2.5, 4.7, 68
고등어 강정, 154.6, 7.8, 9.1, 10.1, 207
꽃게볶음, 109, 10.3, 2.9, 10.1, 317
다시마칩, 61, 1.6, 2.5, 10.3, 139
브로콜리 쇠고기 볶음, 124, 1.2, 4.1, 13.9, 300
새우살을 채운 두부 스프(미네스트로네), 117, 13.8, 4.6, 5.9, 361
시저 샐러드, 213, 14.5, 6.4, 24.5, 220
연두부 무순 냉국, 71, 6, 3, 6.3, 223
차가운 당근 수프, 84, 2.3, 3.3, 13.2, 57
태국식 불고기 샐러드, 89, 8.3, 3.1, 8.8, 242
팽이버섯 야채볶음, 83, 2.6, 4.4, 10.9, 14
딸기연두부쉐이크, 121, 4, 1.5, 25.3, 5.5
봄주먹밥, 252.4, 4.29, 2.12, 19.63, 118.1
구운 주먹밥, 335.1, 5.79, 6.84, 35.43, 79.4
깻잎장아찌롤, 375.2, 2.6, 3.4, 18.4, 750.7
롤 삼계탕, 103.4, 11.9, 4.3, 4.3, 50.2
효종갱(曉鍾羹), 186.1, 4.95, 1.69, 0.99, 220.6
갯벌의 여왕 모시조개의 달콤한 유혹, 155, 11, 9, 7, 760
고구마 타락죽, 362.9, 7.2, 21.4, 37.2, 161
두부 채소 볶음밥, 322, 13.5, 6.5, 60.3, 213
건강 마늘 꿀환, 167, 4.8, 4.9, 29.5, 13
과일 샐러드 또띠아, 277, 5.5, 3.5, 58.1, 84
수박 화채, 126, 3.4, 0.7, 28.3, 2
우유 생강차, 108, 5.9, 2.8, 15.7, 185
레몬 들깨 소스를 품은 떡꼬치, 735, 12, 32, 100, 573
누룽지 요거트 파르페, 0, 0, 0, 0, 0
자색고구마 호떡, 229.2, 3.7, 6.5, 38.4, 71.9
청국장지짐 케일쌈밥, 398, 19.2, 6.6, 65.4, 4.3
마늘 불고기 덮밥, 598.4, 24.6, 17.8, 85, 3.1
잡곡강정밥, 594.3, 15.2, 5.9, 120.1, 1.3
함박스테이크 볼 밥, 439.5, 22.3, 11.2, 62.4, 8
곤드레 밥버거, 467, 12, 12.6, 76.5, 22.7
대추닭살리조또, 498.3, 21.2, 14.7, 70.3, 8.4
먹골배 카레주먹밥, 379.2, 10.8, 11.5, 445.4, 1.1
신호등 통통이(어린이 곤약삼색주먹밥), 441, 8.6, 5.6, 81.6, 0.9
양배추롤&참치두부쌈장, 295, 12.9, 3.7, 52.5, 4.5
라비올리 크림소스, 735.7, 29.6, 16.9, 101.2, 242
라비올리 토마토소스, 330.8, 14.2, 5.7, 55.2, 115
미역 조랭이 떡국, 368.7, 9.2, 10.9, 66, 774
버섯 리조또, 325, 8.7, 4.9, 59, 125
서리태 잣국수, 478.7, 18.2, 18.3, 61, 83
쌈밥, 315.1, 13.3, 3.5, 57.5, 558
영양밥, 321.5, 6.3, 5.2, 63.6, 102
팥죽, 287.1, 11.8, 0.1, 60, 9
호박만두, 211.2, 6.1, 4.8, 34.4, 150
감자 팬케익, 399.7, 13.4, 4.5, 75.7, 320
단호박 두부 포타주, 92.6, 6.6, 3.8, 12.1, 379
쇠고기와 검은콩 요리, 346.5, 24.3, 13, 36.4, 199
채소 커리를 곁들인 팬케익, 258.6, 15, 7, 30.8, 261
양송이버섯 달걀 크레페, 319, 16.1, 7.1, 48, 105
파인애플떡갈비, 336.8, 14, 16.4, 33.3, 21.1
건강가지말이+참깨마요소스, 157.4, 1.9, 9.7, 15.6, 9.9
순창 고추장 두부강정, 350.3, 14.7, 14.2, 40.8, 15.7
곤약 백김치 말이, 44.2, 3.2, 0.1, 7.5, 2.7
묵은지비프롤, 364.2, 31, 22.6, 9.2, 1.9
바나나를 감싼 일본식 달걀말이, 362.3, 17, 17.3, 34.6, 25.2
그린커리, 465.7, 48.5, 14.9, 34.3, 17.1
현미 고구마 아란치니, 458.6, 8.6, 16.8, 68.4, 5.1
유자 치킨 꿔바로우, 376.5, 23.9, 11, 45.5, 22.4
펌킨크로켓, 335.6, 12.2, 19.8, 27.1, 8.8
이태리튀밥, 508.7, 15.9, 23.4, 58.6, 3
현미 입은 미트볼, 479.3, 34.1, 30.7, 16.6, 5.7
시금치 볶음 쌀국수, 584.8, 13.1, 25.2, 76.4, 4.9
새우채소꼬치구이, 80.7, 6.6, 1, 11.2, 7.5
영유아를 위한 고소한 닭꼬치, 324, 25.1, 16.8, 18.2, 1.3
얌얌 맛있게타, 324.1, 12.5, 12.7, 40.1, 3.7
오! 푸룻한 뿌리채소, 308.4, 8.4, 10.9, 44.3, 12.4
채소 팬케익, 286.1, 14, 7.6, 38.5, 275
누룽지과자, 344.4, 8.4, 14.9, 48, 62
단호박 경단, 162.9, 3.6, 3.3, 30.5, 87
모듬탕수, 205, 5.7, 1, 26.3, 120
새싹 비빔밥, 282.4, 8.7, 7.4, 50.6, 318
가지볶음, 37.6, 0.9, 2.5, 4.7, 68
감자냉채, 51.2, 1.7, 0.3, 10.7, 113
고추잡채, 150.6, 6.2, 11.7, 4.9, 147
나박김치, 39.6, 2.4, 0.3, 9.7, 196
냉잡채, 129, 0.9, 4.1, 21.8, 272
단호박 두부찜, 37.9, 2, 1.6, 5.2, 220
단호박전, 310.4, 6.7, 10.7, 46.1, 77
도라지 검은깨 튀김, 134.6, 2.4, 4, 23.9, 163
발사믹으로 양념한 채소요리, 300.6, 2.5, 30.2, 5.6, 76
버섯 굴소스 볶음, 38.1, 1.6, 2.7, 3.4, 32
비트와 호두 요리, 267.7, 3.2, 10.2, 38.8, 71
상추 겉절이, 19.4, 1.1, 0.5, 3.9, 108